    3390      46    2928    3080    2371    3233    4041    3029     110    4351
    3710     609    2784    2410      20    2573    2391     116     193     967
    1338     410    4237    2841    3418    1196    2556     121    3214    2400
    3960     309      32    3136    3267    1626    2489    4007     415    2081
    4021     569      27    4787      96    3291    4233    4222    2770    4144
     526      48    3095    3638    2386    3187    3826    4945    1225    3626
    4875    3398    3905    2411    2270     330    1173    3917    1294     604
    3400     316    4633    3785    2374    1555     686    4647    2744     634
    2765     556    3407    4544     510     343    2155    4138     404     694
    2443    3740    1106    1856     551    3544    2976    4061    2876     248
    3442    2962      80    1892    2154    1073     651       5     633    4672
    4120     614    2698    2215    3494    2819    4311     509    1897    4245
     930    3424    4991    3532    3530    2254    2905    2933    3158     272
     195    3509    1509    3496    4838    2348    1159    3517    4795    2769
    4124    3416    4303    4614    2815    2580    2511    4525    2056    4764
     142    2733     781     652     311    4251    4577    2014    3059    3212
    3053    3598    4084    2914    3044    3327    2403    2645    3075    1855
    2248    2069    2840     888    4317       9     353    3299     817    2945
    4253    2806    4444    1088    1994    2615    3027       0    2261     680
    1974    3903    3197    2480    1065     115     561     788    1421    2603
    2358    3819    1412     560    2915    4387    2469    3314      35     890
    2173    2007     388    2356    4397    3757    2577    3556    3975     772
    2171      62    1993    1222    1566    3989    3412    3760     383     329
    2211    4297     559    2217    2283      87    4503    4192     659    3086
    1830    3894    3152     473     262    3588    2548    2582    2555    1235
    4847    1967    1405     775    1763    2951    1650    2145    3281    1303
    2774    3725    1309    1233    1816     302    1506    3171    4637    4837
    3713    4690    2233     779     849    1752    1741    3560    2903    4053
    2533    4895    3404     391    2078      56    3833    4746    2228    2243
    1748    3011    1601    3247     931     801    2789    3922    4328    1717
     570    1081    2646    3289    2207    3882    3748    2608     424    1247
    1541     332    3519     844    1190    4639    4033     558     922    1080
     584    4477    3240     293    2029    3858    2046    4737    1028    1618
     720    3226    4293    1428    4363     807    2357    4574    1399    2178
    4186    2738    4775    2181    1531    4252    2043     232    3641    3502
    1832    1479    4350    4608    4063    4092     204      75    4476    1843
    4809    1311    1951       2     466     611    2128    2909     777    1636
    4000    2742     318    1863    2750    1728    4607    3305    2917    4052
    4066    3443    2167    2104    3813    4450    4960     467    2471    1673
    2431    4067    1990    4123    4897    3875     357     915    3235    4278
    1919    2495    2536    3478    3554     486    4238    1489     211     821
    2835    1556    4698    1178    3749    1629     433    1079     544     370
    1144    1117    3698    2133    3100    2180    1821     256     717    3974
    2121    3712     707    3358     769    1619    2158     648     167      28
    4396    4613    2956    2771     867    2958    2981    2955    3220    1151
     144    1970     695    2696    4498     583    4592    3651    3130    1907
     997     868    2686    2453    4803    1177    1784    1605      63    2805
    3035    3055     539     713    1069     176    2517    3926    2557    2253
    1916    1737    2674    2373    4685     865    1344    1985    3425    4988
     927    1611     987    2034    2472    1803    1255    2988    1888    1961
