0                 -9999     0         
1                 3733      1         
2                 -9999     0         
3                 4974      2         
4                 2785      4         
5                 4359      1         
6                 -9999     0         
7                 -9999     0         
8                 8         1         
9                 631       1         
10                936       2         
11                -9999     0         
12                -9999     0         
13                1568      1         
14                -9999     0         
15                -9999     0         
16                2815      1         
17                4060      1         
18                2195      1         
19                635       2         
20                640       3         
21                4686      1         
22                4061      3         
23                -9999     0         
24                335       1         
25                4068      1         
26                648       1         
27                338       1         
28                -9999     0         
29                -9999     0         
30                3451      1         
31                1275      1         
32                -9999     0         
33                966       1         
34                638       3         
35                1279      1         
36                1280      1         
37                -9999     0         
38                1593      1         
39                3763      3         
40                -9999     0         
41                1282      2         
42                4695      3         
43                3464      1         
44                3438      4         
45                -9999     0         
46                1601      1         
47                980       1         
48                1904      3         
49                2848      1         
50                3470      2         
51                -9999     0         
52                4095      1         
53                3785      1         
54                676       1         
55                -9999     0         
56                2855      1         
57                2545      1         
58                2546      1         
59                4724      1         
60                -9999     0         
61                4411      3         
62                4078      4         
63                2551      1         
64                1930      1         
65                -9999     0         
66                2241      2         
67                684       2         
68                -9999     0         
69                1935      1         
70                -9999     0         
71                2870      1         
72                1932      3         
73                -9999     0         
74                382       2         
75                685       3         
76                2564      1         
77                1632      1         
78                72        3         
79                1012      1         
80                4107      3         
81                3813      1         
82                82        1         
83                1638      1         
84                2261      1         
85                4128      1         
86                1641      1         
87                2575      1         
88                -9999     0         
89                4443      1         
90                712       1         
91                -9999     0         
92                401       2         
93                3514      1         
94                4133      2         
95                2272      1         
96                4450      1         
97                93        2         
98                4141      1         
99                1336      2         
100               1033      1         
101               3211      1         
102               724       1         
103               3213      1         
104               4147      1         
105               2904      1         
106               396       4         
107               107       1         
108               730       1         
109               3189      4         
110               110       1         
111               4144      3         
112               416       2         
113               1969      2         
114               425       1         
115               1349      2         
116               4772      4         
117               3840      10        
118               421       5         
119               2590      18        
120               1364      1         
121               3846      2         
122               2913      3         
123               1959      4         
124               1669      2         
125               -9999     0         
126               1059      1         
127               3859      1         
128               128       1         
129               2928      1         
130               1996      1         
131               3206      6         
132               1687      1         
133               755       1         
134               445       1         
135               736       4         
136               2927      2         
137               2577      7         
138               2004      1         
139               1993      4         
140               1384      1         
141               -9999     0         
142               728       5         
143               4497      1         
144               748       3         
145               3868      2         
146               2945      1         
147               2608      4         
148               148       1         
149               2628      2         
150               4177      3         
151               757       3         
152               385       14        
153               2014      2         
154               4197      1         
155               -9999     0         
156               467       1         
157               4822      1         
158               158       1         
159               4200      3         
160               462       4         
161               2027      1         
162               -9999     0         
163               3273      1         
164               2335      2         
165               -9999     0         
166               1099      1         
167               3889      2         
168               2341      3         
169               2962      3         
170               3585      2         
171               -9999     0         
172               4211      3         
173               484       1         
174               4839      1         
175               2656      2         
176               2353      1         
177               2354      1         
178               800       1         
179               169       2         
180               -9999     0         
181               1425      1         
182               4767      11        
183               1116      1         
184               2050      1         
185               -9999     0         
186               2985      1         
187               -9999     0         
188               3298      1         
189               -9999     0         
190               2358      2         
191               502       1         
192               3302      1         
193               504       1         
194               2371      1         
195               -9999     0         
196               1109      3         
197               2685      1         
198               2367      2         
199               1132      1         
200               505       2         
201               -9999     0         
202               1748      2         
203               3614      3         
204               2056      3         
205               4248      1         
206               517       1         
207               -9999     0         
208               3940      1         
209               520       1         
210               -9999     0         
211               4876      1         
212               3010      2         
213               -9999     0         
214               2997      3         
215               1148      1         
216               1460      1         
217               4880      3         
218               -9999     0         
219               -9999     0         
220               -9999     0         
221               1154      1         
222               -9999     0         
223               205       4         
224               1157      1         
225               4579      1         
226               2704      3         
227               2093      1         
228               1161      1         
229               4583      1         
230               3962      1         
231               -9999     0         
232               1165      1         
233               2720      2         
234               2100      1         
235               -9999     0         
236               1785      2         
237               237       1         
238               3031      4         
239               1481      2         
240               3029      2         
241               -9999     0         
242               553       1         
243               4597      1         
244               -9999     0         
245               1489      1         
246               1490      1         
247               -9999     0         
248               539       3         
249               3359      1         
250               -9999     0         
251               3050      1         
252               2740      1         
253               867       2         
254               1187      1         
255               2743      1         
256               4610      1         
257               879       1         
258               1502      1         
259               2121      3         
260               3059      1         
261               -9999     0         
262               573       1         
263               -9999     0         
264               264       1         
265               265       1         
266               -9999     0         
267               -9999     0         
268               1201      1         
269               2757      1         
270               3691      1         
271               4622      2         
272               -9999     0         
273               2134      2         
274               1829      1         
275               891       4         
276               -9999     0         
277               1832      1         
278               2447      2         
279               1804      7         
280               4942      2         
281               2759      2         
282               2148      1         
283               905       1         
284               1839      1         
285               4950      1         
286               4321      5         
287               3708      1         
288               2457      2         
289               586       3         
290               -9999     0         
291               2779      1         
292               262       11        
293               -9999     0         
294               4939      3         
295               287       2         
296               3406      1         
297               3718      1         
298               1231      1         
299               -9999     0         
300               -9999     0         
301               2478      1         
302               2474      2         
303               4968      1         
304               615       1         
305               3412      2         
306               3105      1         
307               2173      1         
308               -9999     0         
309               3419      1         
310               -9999     0         