    4968     712    4822    3514    1687    3419    3406    3718     879    4128
    3785     484    1490    1593     107    2870    1187    3691    3464    2474
    4147    1638    2148    1157    4724    4060    1425    2685    2261    2904
    1460    1165    4141    4450     128    1279    1099    2928    2272    1829
    3213     110    4095    2720    4359     425    3298    4197    2927    1832
    4248    3813    2815     148    2545    2371    3050    1154    1669    1996
    2195    1839    3846    1930     338    3059    1201    3273    1632     505
     401    2358    2757    3302      93    2004    2056    1336    3962    1969
    1959     905    2564     416    2743    2100    1033    1384     158    4839
    4942     966    2367    1785    4622    4950    3031    2478    1280     736
    2134    4497    1489    2945    2551    2241    1059     382    3859    2447
     396     648    2546    1935    2457    2173    4068    1349    4772    3211
     264    2354    4411    4443     891    2759    1932    3451    4579    2121
    4686    1132     724    1502    1161     445     755     638    2353     504
    2785    3438    3359    1148    4610    3889    2985     730       8      82
    1012    2704    1116    2093     685     800    3614    1568    4695    2740
    1282    4133    2027    4144    4200    2628    4078    4880    2848     586
    3940     539    1364    3189    2608    2050    1641     757    1748     748
     467     237    4876    2779    3470    2335     205    4974     421     980
     265    3708     635    3868    3840    2855    2014     631     553     728
     517    2913    4321     640     676    4107     335     520      72    2962
    4177     936    1904     867    2341    3412    1231    4061    4939    2577
     615    3029     684    3206     573     262    2997    3105    1993     462
     502     287    1804    2575    4767    4583    1275    4597    3585     385
    1601    3010    3763     169    2656    1109    3733    1481    2590    4211

============== ITERATION 2 BEGINS HERE ==============
    4011    4243    1710     742    1873    3550    2836    3268     709    3395
     952    2059    2542    1640    2142    1579    1046    3874    4046    1205
    4848    1756    2070    3337    2707    4297     414    1459    1423     288
    4728    3844    1177    2625    1318    3517    4152     384    4253    2408
     441    1203    4536    3441     282    1918    2376    2012    3245     804
     877    3782    1701    4705    1984    4204    1723    4400    2562    2423
    2491     134    2948    3032    1954    2591    2165     901    2333    4664
    2132    1508    3407    1206     719    3479    1546    2895    4272    4031
    3249     543    1759    2976    3187    1899      83    1005     310    3061
      78    1733    2245    3633    1859    3989    2162    1615    3684    1078
    1064     921    3879    1176    1328     993    2903     774     931    4934
    1757    1213    4024    1655    1720    1289    2061     677    2365    2835
    3472    4789    2197    1370    1238    3901    4007    3415     346    1310
    1103    3374    4986     630    1822    3656    4105    4444     779    2069
     398    1582    1614    3541    3676    2649    2510    1915    1834    2072
    3931    1037    4171    4299    3579    4985    4879    4718    1586    2304
    3355    4733    2980    4948    1576    2739    2646    1300    2006     962
    4898    1292     973     325    4052    4605    4565    2462    2942    1256
    3426    4442    2448    1826    4496    2929    1553    4323     911    1975
    3804    1504     390    4683     164    4010    2096    2490    2635    2067
    2845    1401    2795    1324     601    1100    3843    4976    4263     363
    1742    1346     890    1362    2196     179    1699     754    4860    2112
    2302    3257    3431     567    1077    2629     201     716     407    2819
    1911    3074     253    4521    1098    2601    1970    3401    1716    1766
     546    4722    2890    4276    2823    3157    4817     500    1194     637
